  0.0050000000000000  0.0000000000000000
  0.0150000000000000  0.0010000000000000
  0.0250000000000000  0.0090000000000000
  0.0350000000000000  0.0060000000000000
  0.0450000000000000  0.0140000000000000
  0.0550000000000000  0.0200000000000000
  0.0650000000000000  0.0210000000000000
  0.0750000000000000  0.0380000000000000
  0.0850000000000000  0.0490000000000000
  0.0950000000000000  0.0620000000000000
  0.1050000000000000  0.0720000000000000
  0.1150000000000000  0.0890000000000000
  0.1250000000000000  0.1100000000000000
  0.1350000000000000  0.1110000000000000
  0.1450000000000000  0.1240000000000000
  0.1550000000000000  0.1450000000000000
  0.1650000000000000  0.1550000000000000
  0.1750000000000000  0.1790000000000000
  0.1850000000000000  0.2110000000000000
  0.1950000000000000  0.2350000000000000
  0.2050000000000000  0.2480000000000000
  0.2150000000000000  0.2470000000000000
  0.2250000000000000  0.2970000000000000
  0.2350000000000000  0.3230000000000000
  0.2450000000000000  0.3300000000000000
  0.2550000000000000  0.3690000000000000
  0.2650000000000000  0.3870000000000000
  0.2750000000000000  0.4080000000000000
  0.2850000000000000  0.4500000000000000
  0.2950000000000000  0.4700000000000000
  0.3050000000000000  0.5060000000000000
  0.3150000000000000  0.5360000000000000
  0.3250000000000000  0.5070000000000000
  0.3350000000000000  0.5720000000000000
  0.3450000000000000  0.6040000000000000
  0.3550000000000000  0.5780000000000000
  0.3650000000000000  0.6390000000000000
  0.3750000000000000  0.6380000000000000
  0.3850000000000000  0.7060000000000000
  0.3950000000000000  0.7650000000000000
  0.4050000000000000  0.7400000000000000
  0.4150000000000000  0.8020000000000000
  0.4250000000000000  0.8200000000000000
  0.4350000000000000  0.7950000000000000
  0.4450000000000000  0.8020000000000000
  0.4550000000000000  0.8530000000000000
  0.4650000000000000  0.9330000000000001
  0.4750000000000000  0.9389999999999999
  0.4850000000000000  0.9389999999999999
  0.4950000000000000  0.9640000000000000
  0.5050000000000000  0.9900000000000000
  0.5150000000000000  1.0189999999999999
  0.5250000000000000  1.0429999999999999
  0.5350000000000000  1.0289999999999999
  0.5450000000000000  1.1040000000000001
  0.5550000000000000  1.0600000000000001
  0.5650000000000001  1.1220000000000001
  0.5750000000000001  1.1459999999999999
  0.5850000000000000  1.0429999999999999
  0.5950000000000000  1.0340000000000000
  0.6050000000000000  1.0790000000000000
  0.6150000000000000  1.1290000000000000
  0.6250000000000000  1.1539999999999999
  0.6350000000000000  1.2010000000000001
  0.6450000000000000  1.1539999999999999
  0.6550000000000000  1.1459999999999999
  0.6650000000000000  1.0900000000000001
  0.6750000000000000  1.1459999999999999
  0.6850000000000001  1.2130000000000001
  0.6950000000000001  1.1379999999999999
  0.7050000000000000  1.1810000000000000
  0.7150000000000000  1.1259999999999999
  0.7250000000000000  1.1559999999999999
  0.7350000000000000  1.1599999999999999
  0.7450000000000000  1.1499999999999999
  0.7550000000000000  1.1739999999999999
  0.7650000000000000  1.1950000000000001
  0.7750000000000000  1.1579999999999999
  0.7850000000000000  1.0489999999999999
  0.7950000000000000  1.1539999999999999
  0.8050000000000000  1.1090000000000000
  0.8150000000000001  1.1799999999999999
  0.8250000000000001  1.0870000000000000
  0.8350000000000000  1.0800000000000001
  0.8450000000000000  1.0660000000000001
  0.8550000000000000  1.0629999999999999
  0.8650000000000000  1.0730000000000000
  0.8750000000000000  1.1339999999999999
  0.8850000000000000  1.0180000000000000
  0.8950000000000000  1.0240000000000000
  0.9050000000000000  1.0569999999999999
  0.9150000000000000  1.0200000000000000
  0.9250000000000000  0.9870000000000000
  0.9350000000000001  0.9360000000000001
  0.9450000000000001  0.9670000000000000
  0.9550000000000001  0.9920000000000000
  0.9650000000000000  0.9700000000000000
  0.9750000000000000  0.9670000000000000
  0.9850000000000000  0.8700000000000000
  0.9950000000000000  0.8520000000000000
  1.0050000000000001  0.8770000000000000
  1.0150000000000001  0.8480000000000000
  1.0249999999999999  0.8169999999999999
  1.0349999999999999  0.8260000000000000
  1.0449999999999999  0.7590000000000000
  1.0549999999999999  0.8020000000000000
  1.0649999999999999  0.7410000000000000
  1.0750000000000000  0.6919999999999999
  1.0850000000000000  0.6950000000000000
  1.0950000000000000  0.7550000000000000
  1.1050000000000000  0.7200000000000000
  1.1150000000000000  0.6550000000000000
  1.1250000000000000  0.6630000000000000
  1.1350000000000000  0.5900000000000000
  1.1450000000000000  0.5920000000000000
  1.1550000000000000  0.5540000000000000
  1.1650000000000000  0.5410000000000000
  1.1750000000000000  0.5340000000000000
  1.1850000000000001  0.5260000000000000
  1.1950000000000001  0.5170000000000000
  1.2050000000000001  0.5410000000000000
  1.2150000000000001  0.4990000000000000
  1.2250000000000001  0.4980000000000000
  1.2350000000000001  0.4260000000000000
  1.2450000000000001  0.4560000000000000
  1.2550000000000001  0.4320000000000000
  1.2650000000000001  0.4380000000000000
  1.2750000000000001  0.3910000000000000
  1.2849999999999999  0.3820000000000000
  1.2949999999999999  0.3850000000000000
  1.3049999999999999  0.3590000000000000
  1.3149999999999999  0.3670000000000000
  1.3250000000000000  0.3270000000000000
  1.3350000000000000  0.3220000000000000
  1.3450000000000000  0.3030000000000000
  1.3550000000000000  0.3100000000000000
  1.3650000000000000  0.2910000000000000
  1.3750000000000000  0.2420000000000000
  1.3850000000000000  0.2660000000000000
  1.3950000000000000  0.2760000000000000
  1.4050000000000000  0.2180000000000000
  1.4150000000000000  0.2350000000000000
  1.4250000000000000  0.2150000000000000
  1.4350000000000001  0.2220000000000000
  1.4450000000000001  0.1840000000000000
  1.4550000000000001  0.2140000000000000
  1.4650000000000001  0.1750000000000000
  1.4750000000000001  0.1830000000000000
  1.4850000000000001  0.1660000000000000
  1.4950000000000001  0.1630000000000000
  1.5050000000000001  0.1670000000000000
  1.5150000000000001  0.1520000000000000
  1.5250000000000001  0.1440000000000000
  1.5350000000000001  0.1500000000000000
  1.5449999999999999  0.1080000000000000
  1.5549999999999999  0.1300000000000000
  1.5649999999999999  0.1160000000000000
  1.5750000000000000  0.1070000000000000
  1.5850000000000000  0.1120000000000000
  1.5950000000000000  0.1040000000000000
  1.6050000000000000  0.0940000000000000
  1.6150000000000000  0.0910000000000000
  1.6250000000000000  0.0910000000000000
  1.6350000000000000  0.0750000000000000
  1.6450000000000000  0.0710000000000000
  1.6550000000000000  0.0650000000000000
  1.6650000000000000  0.0780000000000000
  1.6750000000000000  0.0630000000000000
  1.6850000000000001  0.0670000000000000
  1.6950000000000001  0.0640000000000000
  1.7050000000000001  0.0530000000000000
  1.7150000000000001  0.0570000000000000
  1.7250000000000001  0.0480000000000000
  1.7350000000000001  0.0430000000000000
  1.7450000000000001  0.0550000000000000
  1.7550000000000001  0.0430000000000000
  1.7650000000000001  0.0350000000000000
  1.7750000000000001  0.0480000000000000
  1.7850000000000001  0.0400000000000000
  1.7949999999999999  0.0400000000000000
  1.8049999999999999  0.0330000000000000
  1.8149999999999999  0.0260000000000000
  1.8250000000000000  0.0310000000000000
  1.8350000000000000  0.0300000000000000
  1.8450000000000000  0.0160000000000000
  1.8550000000000000  0.0240000000000000
  1.8650000000000000  0.0250000000000000
  1.8750000000000000  0.0210000000000000
  1.8850000000000000  0.0230000000000000
  1.8950000000000000  0.0190000000000000
  1.9050000000000000  0.0110000000000000
  1.9150000000000000  0.0150000000000000
  1.9250000000000000  0.0140000000000000
  1.9350000000000001  0.0120000000000000
  1.9450000000000001  0.0090000000000000
  1.9550000000000001  0.0130000000000000
  1.9650000000000001  0.0080000000000000
  1.9750000000000001  0.0140000000000000
  1.9850000000000001  0.0080000000000000
  1.9950000000000001  0.0070000000000000
  2.0049999999999999  0.0110000000000000
  2.0150000000000001  0.0080000000000000
  2.0249999999999999  0.0030000000000000
  2.0350000000000001  0.0030000000000000
  2.0449999999999999  0.0080000000000000
  2.0550000000000002  0.0040000000000000
  2.0649999999999999  0.0110000000000000
  2.0750000000000002  0.0070000000000000
  2.0850000000000000  0.0030000000000000
  2.0950000000000002  0.0060000000000000
  2.1050000000000000  0.0060000000000000
  2.1150000000000002  0.0070000000000000
  2.1250000000000000  0.0060000000000000
  2.1350000000000002  0.0030000000000000
  2.1450000000000000  0.0030000000000000
  2.1550000000000002  0.0040000000000000
  2.1650000000000000  0.0010000000000000
  2.1750000000000003  0.0040000000000000
  2.1850000000000001  0.0030000000000000
  2.1949999999999998  0.0020000000000000
  2.2050000000000001  0.0030000000000000
  2.2149999999999999  0.0010000000000000
  2.2250000000000001  0.0020000000000000
  2.2349999999999999  0.0020000000000000
  2.2450000000000001  0.0020000000000000
  2.2549999999999999  0.0010000000000000
  2.2650000000000001  0.0000000000000000
  2.2749999999999999  0.0020000000000000
  2.2850000000000001  0.0020000000000000
  2.2949999999999999  0.0010000000000000
  2.3050000000000002  0.0010000000000000
  2.3149999999999999  0.0010000000000000
  2.3250000000000002  0.0000000000000000
  2.3350000000000000  0.0000000000000000
  2.3450000000000002  0.0000000000000000
  2.3550000000000000  0.0010000000000000
  2.3650000000000002  0.0000000000000000
  2.3750000000000000  0.0000000000000000
  2.3850000000000002  0.0000000000000000
  2.3950000000000000  0.0010000000000000
  2.4050000000000002  0.0000000000000000
  2.4150000000000000  0.0000000000000000
  2.4250000000000003  0.0000000000000000
  2.4350000000000001  0.0000000000000000
  2.4449999999999998  0.0010000000000000
  2.4550000000000001  0.0000000000000000
  2.4649999999999999  0.0000000000000000
  2.4750000000000001  0.0000000000000000
  2.4849999999999999  0.0000000000000000
  2.4950000000000001  0.0000000000000000
  2.5049999999999999  0.0000000000000000
  2.5150000000000001  0.0000000000000000
  2.5249999999999999  0.0000000000000000
  2.5350000000000001  0.0000000000000000
  2.5449999999999999  0.0010000000000000
  2.5550000000000002  0.0000000000000000
  2.5649999999999999  0.0010000000000000
  2.5750000000000002  0.0000000000000000
  2.5850000000000000  0.0000000000000000
  2.5950000000000002  0.0000000000000000
  2.6050000000000000  0.0000000000000000
  2.6150000000000002  0.0010000000000000
